cityTitle,storeTitle,title,activityTimeRange,cacheAmount,terminalEnabled,admin4Name_en,admin4Name_ua,admin4Pcode,admin3Name_en,admin3Name_ua,admin3Pcode,admin2Name_en,admin2Name_ua,admin2Pcode,admin1Name_en,admin1Name_ua,admin1Pcode
Біла Церква,"вул. Героїв Небесної Сотні, 2а","Біла Церква, вул. Героїв Небесної Сотні, 2а",з 08:00 до 22:00,6000,True,Bila Tserkva,Біла Церква,UA3202001001,Bilotserkivska,Білоцерківська,UA3202001,Bilotserkivskyi,Білоцерківський,UA3202,Kyivska,Київська,UA32
Біла Церква,"шосе Сквирське, 230","Біла Церква, шосе Сквирське, 230",з 08:00 до 22:00,6000,True,Bila Tserkva,Біла Церква,UA3202001001,Bilotserkivska,Білоцерківська,UA3202001,Bilotserkivskyi,Білоцерківський,UA3202,Kyivska,Київська,UA32
Біла Церква,"вул. Ярослава Мудрого, 40","Біла Церква, вул. Ярослава Мудрого, 40",з 08:00 до 22:00,6000,True,Bila Tserkva,Біла Церква,UA3202001001,Bilotserkivska,Білоцерківська,UA3202001,Bilotserkivskyi,Білоцерківський,UA3202,Kyivska,Київська,UA32
Запоріжжя,"вул. Бородінська, 20б","Запоріжжя, вул. Бородінська, 20б",з 08:00 до 21:00,6000,True,Zaporizhzhia,Запоріжжя,UA2306007001,Zaporizka,Запорізька,UA2306007,Zaporizkyi,Запорізький,UA2306,Zaporizka,Запорізька,UA23
Запоріжжя,"бул. Вінтера, 30","Запоріжжя, бул. Вінтера, 30",з 08:00 до 21:00,0,True,Zaporizhzhia,Запоріжжя,UA2306007001,Zaporizka,Запорізька,UA2306007,Zaporizkyi,Запорізький,UA2306,Zaporizka,Запорізька,UA23
Запоріжжя,"вул. Іванова, 1а","Запоріжжя, вул. Іванова, 1а",з 08:00 до 20:00,6000,True,Zaporizhzhia,Запоріжжя,UA2306007001,Zaporizka,Запорізька,UA2306007,Zaporizkyi,Запорізький,UA2306,Zaporizka,Запорізька,UA23
Запоріжжя,"просп. Металургів, 8 б","Запоріжжя, просп. Металургів, 8 б",зачинено,0,False,Zaporizhzhia,Запоріжжя,UA2306007001,Zaporizka,Запорізька,UA2306007,Zaporizkyi,Запорізький,UA2306,Zaporizka,Запорізька,UA23
Запоріжжя,"вул. Новокузнецька, 41","Запоріжжя, вул. Новокузнецька, 41",з 08:00 до 21:00,6000,True,Zaporizhzhia,Запоріжжя,UA2306007001,Zaporizka,Запорізька,UA2306007,Zaporizkyi,Запорізький,UA2306,Zaporizka,Запорізька,UA23
Запоріжжя,"вул. Перемоги, 64","Запоріжжя, вул. Перемоги, 64",з 08:00 до 21:00,6000,True,Zaporizhzhia,Запоріжжя,UA2306007001,Zaporizka,Запорізька,UA2306007,Zaporizkyi,Запорізький,UA2306,Zaporizka,Запорізька,UA23
Запоріжжя,"просп. Преображенського Інженера , 13","Запоріжжя, просп. Преображенського Інженера , 13",з 08:00 до 21:00,6000,True,Zaporizhzhia,Запоріжжя,UA2306007001,Zaporizka,Запорізька,UA2306007,Zaporizkyi,Запорізький,UA2306,Zaporizka,Запорізька,UA23
Запоріжжя,"вул. Руставі, 1г","Запоріжжя, вул. Руставі, 1г",з 07:00 до 21:00,6000,True,Zaporizhzhia,Запоріжжя,UA2306007001,Zaporizka,Запорізька,UA2306007,Zaporizkyi,Запорізький,UA2306,Zaporizka,Запорізька,UA23
Запоріжжя,"вул. Сергієнка Василя, 9","Запоріжжя, вул. Сергієнка Василя, 9",зачинено,0,False,Zaporizhzhia,Запоріжжя,UA2306007001,Zaporizka,Запорізька,UA2306007,Zaporizkyi,Запорізький,UA2306,Zaporizka,Запорізька,UA23
Запоріжжя,"вул. Ситова, 4","Запоріжжя, вул. Ситова, 4",з 08:00 до 20:00,6000,True,Zaporizhzhia,Запоріжжя,UA2306007001,Zaporizka,Запорізька,UA2306007,Zaporizkyi,Запорізький,UA2306,Zaporizka,Запорізька,UA23
Запоріжжя,"просп. Соборний, 147","Запоріжжя, просп. Соборний, 147",з 08:00 до 21:00,6000,True,Zaporizhzhia,Запоріжжя,UA2306007001,Zaporizka,Запорізька,UA2306007,Zaporizkyi,Запорізький,UA2306,Zaporizka,Запорізька,UA23
Запоріжжя,"вул. Фортечна, 6","Запоріжжя, вул. Фортечна, 6",з 08:00 до 21:00,6000,True,Zaporizhzhia,Запоріжжя,UA2306007001,Zaporizka,Запорізька,UA2306007,Zaporizkyi,Запорізький,UA2306,Zaporizka,Запорізька,UA23
Запоріжжя,"шосе Хортицьке, 30а","Запоріжжя, шосе Хортицьке, 30а",з 08:00 до 21:00,6000,True,Zaporizhzhia,Запоріжжя,UA2306007001,Zaporizka,Запорізька,UA2306007,Zaporizkyi,Запорізький,UA2306,Zaporizka,Запорізька,UA23
Запоріжжя,"вул. Чарівна, 155б","Запоріжжя, вул. Чарівна, 155б",з 08:00 до 21:00,6000,True,Zaporizhzhia,Запоріжжя,UA2306007001,Zaporizka,Запорізька,UA2306007,Zaporizkyi,Запорізький,UA2306,Zaporizka,Запорізька,UA23
Запоріжжя,"вул. Чарівна, 74","Запоріжжя, вул. Чарівна, 74",з 08:00 до 21:00,6000,True,Zaporizhzhia,Запоріжжя,UA2306007001,Zaporizka,Запорізька,UA2306007,Zaporizkyi,Запорізький,UA2306,Zaporizka,Запорізька,UA23
Київ,"вул. Архипенка Олександра, 6","Київ, вул. Архипенка Олександра, 6",з 08:00 до 22:00,6000,True,Kyiv,Київ,UA8000000000,Kyivska,Київська,UA8000000,Kyivska,Київська,UA8000,Kyivska,Київська,UA80
Київ,"вул. Багговутівська, 17-21","Київ, вул. Багговутівська, 17-21",з 08:00 до 22:00,6000,True,Kyiv,Київ,UA8000000000,Kyivska,Київська,UA8000000,Kyivska,Київська,UA8000,Kyivska,Київська,UA80
Київ,"вул. Бальзака Оноре, 91/29а","Київ, вул. Бальзака Оноре, 91/29а",з 07:30 до 22:00,0,False,Kyiv,Київ,UA8000000000,Kyivska,Київська,UA8000000,Kyivska,Київська,UA8000,Kyivska,Київська,UA80
Київ,"вул. Басейна, 6","Київ, вул. Басейна, 6",з 08:00 до 22:00,6000,True,Kyiv,Київ,UA8000000000,Kyivska,Київська,UA8000000,Kyivska,Київська,UA8000,Kyivska,Київська,UA80
Київ,"вул. Бережанська, 22","Київ, вул. Бережанська, 22",з 08:00 до 22:00,6000,True,Kyiv,Київ,UA8000000000,Kyivska,Київська,UA8000000,Kyivska,Київська,UA8000,Kyivska,Київська,UA80
Київ,"вул. Білоруська, 2","Київ, вул. Білоруська, 2",з 05:00 до 23:00,6000,True,Kyiv,Київ,UA8000000000,Kyivska,Київська,UA8000000,Kyivska,Київська,UA8000,Kyivska,Київська,UA80
Київ,"вул. Борщагівська, 154a","Київ, вул. Борщагівська, 154a",з 08:00 до 22:00,6000,True,Kyiv,Київ,UA8000000000,Kyivska,Київська,UA8000000,Kyivska,Київська,UA8000,Kyivska,Київська,UA80
Київ,"вул. Братиславська, 14Б","Київ, вул. Братиславська, 14Б",з 07:30 до 22:00,6000,True,Kyiv,Київ,UA8000000000,Kyivska,Київська,UA8000000,Kyivska,Київська,UA8000,Kyivska,Київська,UA80
Київ,"вул. Велика Окружна, 1","Київ, вул. Велика Окружна, 1",з 09:00 до 22:00,6000,True,Kyiv,Київ,UA8000000000,Kyivska,Київська,UA8000000,Kyivska,Київська,UA8000,Kyivska,Київська,UA80
Київ,"вул. Вербицького Архітектора, 1а","Київ, вул. Вербицького Архітектора, 1а",з 07:30 до 22:00,6000,True,Kyiv,Київ,UA8000000000,Kyivska,Київська,UA8000000,Kyivska,Київська,UA8000,Kyivska,Київська,UA80
Київ,"вул. Вербицького Архітектора, 30","Київ, вул. Вербицького Архітектора, 30",з 07:00 до 22:00,6000,True,Kyiv,Київ,UA8000000000,Kyivska,Київська,UA8000000,Kyivska,Київська,UA8000,Kyivska,Київська,UA80
Київ,"вул. Вершигори Петра, 1","Київ, вул. Вершигори Петра, 1",з 07:30 до 22:00,6000,True,Kyiv,Київ,UA8000000000,Kyivska,Київська,UA8000000,Kyivska,Київська,UA8000,Kyivska,Київська,UA80
Київ,"вул. Глибочицька, 32б","Київ, вул. Глибочицька, 32б",з 08:00 до 22:00,6000,True,Kyiv,Київ,UA8000000000,Kyivska,Київська,UA8000000,Kyivska,Київська,UA8000,Kyivska,Київська,UA80
Київ,"вул. Гончара Олеся, 96","Київ, вул. Гончара Олеся, 96",з 08:00 до 22:00,6000,True,Kyiv,Київ,UA8000000000,Kyivska,Київська,UA8000000,Kyivska,Київська,UA8000,Kyivska,Київська,UA80
Київ,"просп. Григоренка Петра, 23","Київ, просп. Григоренка Петра, 23",з 07:30 до 22:00,6000,True,Kyiv,Київ,UA8000000000,Kyivska,Київська,UA8000000,Kyivska,Київська,UA8000,Kyivska,Київська,UA80
Київ,"бул. Дарницький, 8а","Київ, бул. Дарницький, 8а",з 07:30 до 22:00,6000,True,Kyiv,Київ,UA8000000000,Kyivska,Київська,UA8000000,Kyivska,Київська,UA8000,Kyivska,Київська,UA80
Київ,"наб. Дніпровська, 12","Київ, наб. Дніпровська, 12",з 09:00 до 22:00,6000,True,Kyiv,Київ,UA8000000000,Kyivska,Київська,UA8000000,Kyivska,Київська,UA8000,Kyivska,Київська,UA80
Київ,"наб. Дніпровська, 33","Київ, наб. Дніпровська, 33",з 07:30 до 22:00,6000,True,Kyiv,Київ,UA8000000000,Kyivska,Київська,UA8000000,Kyivska,Київська,UA8000,Kyivska,Київська,UA80
Київ,"вул. Драгоманова, 10","Київ, вул. Драгоманова, 10",з 07:30 до 22:00,6000,True,Kyiv,Київ,UA8000000000,Kyivska,Київська,UA8000000,Kyivska,Київська,UA8000,Kyivska,Київська,UA80
Київ,"вул. Драгомирова Михайла, 16","Київ, вул. Драгомирова Михайла, 16",з 07:30 до 22:00,6000,True,Kyiv,Київ,UA8000000000,Kyivska,Київська,UA8000000,Kyivska,Київська,UA8000,Kyivska,Київська,UA80
Київ,"вул. Драйзера Теодора, 8","Київ, вул. Драйзера Теодора, 8",з 07:30 до 22:00,6000,True,Kyiv,Київ,UA8000000000,Kyivska,Київська,UA8000000,Kyivska,Київська,UA8000,Kyivska,Київська,UA80
Київ,"вул. Закревського Миколи, 61/2","Київ, вул. Закревського Миколи, 61/2",з 07:30 до 22:00,6000,True,Kyiv,Київ,UA8000000000,Kyivska,Київська,UA8000000,Kyivska,Київська,UA8000,Kyivska,Київська,UA80
Київ,"вул. Здолбунівська, 4","Київ, вул. Здолбунівська, 4",з 07:30 до 22:00,6000,True,Kyiv,Київ,UA8000000000,Kyivska,Київська,UA8000000,Kyivska,Київська,UA8000,Kyivska,Київська,UA80
Київ,"вул. Івашкевича Ярослава, 6-8 А","Київ, вул. Івашкевича Ярослава, 6-8 А",з 08:00 до 22:00,6000,True,Kyiv,Київ,UA8000000000,Kyivska,Київська,UA8000000,Kyivska,Київська,UA8000,Kyivska,Київська,UA80
Київ,"вул. Інженерна, 1","Київ, вул. Інженерна, 1",з 07:30 до 21:00,6000,True,Kyiv,Київ,UA8000000000,Kyivska,Київська,UA8000000,Kyivska,Київська,UA8000,Kyivska,Київська,UA80
Київ,"вул. Калнишевського Петра, 2","Київ, вул. Калнишевського Петра, 2",з 08:00 до 22:00,6000,True,Kyiv,Київ,UA8000000000,Kyivska,Київська,UA8000000,Kyivska,Київська,UA8000,Kyivska,Київська,UA80
Київ,"пров. Карельський, 3","Київ, пров. Карельський, 3",з 07:30 до 22:00,6000,True,Kyiv,Київ,UA8000000000,Kyivska,Київська,UA8000000,Kyivska,Київська,UA8000,Kyivska,Київська,UA80
Київ,"вул. Кибальчича Миколи, 11А","Київ, вул. Кибальчича Миколи, 11А",з 07:30 до 22:00,6000,True,Kyiv,Київ,UA8000000000,Kyivska,Київська,UA8000000,Kyivska,Київська,UA8000,Kyivska,Київська,UA80
Київ,"бул. Кольцова, 14м","Київ, бул. Кольцова, 14м",з 08:00 до 22:00,0,True,Kyiv,Київ,UA8000000000,Kyivska,Київська,UA8000000,Kyivska,Київська,UA8000,Kyivska,Київська,UA80
Київ,"вул. Конєва маршала, 7","Київ, вул. Конєва маршала, 7",з 05:00 до 23:00,6000,True,Kyiv,Київ,UA8000000000,Kyivska,Київська,UA8000000,Kyivska,Київська,UA8000,Kyivska,Київська,UA80
Київ,"вул. Лаврухіна, 4","Київ, вул. Лаврухіна, 4",з 08:00 до 22:00,6000,True,Kyiv,Київ,UA8000000000,Kyivska,Київська,UA8000000,Kyivska,Київська,UA8000,Kyivska,Київська,UA80
Київ,"вул. Липківського Василя митрополита, 1а","Київ, вул. Липківського Василя митрополита, 1а",з 08:00 до 22:00,6000,True,Kyiv,Київ,UA8000000000,Kyivska,Київська,UA8000000,Kyivska,Київська,UA8000,Kyivska,Київська,UA80
Київ,"просп. Лісовий, 39","Київ, просп. Лісовий, 39",з 07:30 до 22:00,6000,True,Kyiv,Київ,UA8000000000,Kyivska,Київська,UA8000000,Kyivska,Київська,UA8000,Kyivska,Київська,UA80
Київ,"вул. Малевича, 107","Київ, вул. Малевича, 107",з 07:30 до 22:00,6000,True,Kyiv,Київ,UA8000000000,Kyivska,Київська,UA8000000,Kyivska,Київська,UA8000,Kyivska,Київська,UA80
Київ,"вул. Малиновського, 5","Київ, вул. Малиновського, 5",з 08:00 до 22:00,6000,True,Kyiv,Київ,UA8000000000,Kyivska,Київська,UA8000000,Kyivska,Київська,UA8000,Kyivska,Київська,UA80
Київ,"просп. Маяковського, 75/2","Київ, просп. Маяковського, 75/2",з 07:30 до 22:00,6000,True,Kyiv,Київ,UA8000000000,Kyivska,Київська,UA8000000,Kyivska,Київська,UA8000,Kyivska,Київська,UA80
Київ,"вул. Мишуги Олександра, 4","Київ, вул. Мишуги Олександра, 4",з 07:30 до 22:00,6000,True,Kyiv,Київ,UA8000000000,Kyivska,Київська,UA8000000,Kyivska,Київська,UA8000,Kyivska,Київська,UA80
Київ,"просп. Оболонський, 19","Київ, просп. Оболонський, 19",з 08:00 до 22:00,6000,True,Kyiv,Київ,UA8000000000,Kyivska,Київська,UA8000000,Kyivska,Київська,UA8000,Kyivska,Київська,UA80
Київ,"просп. Оболонський, 21Б","Київ, просп. Оболонський, 21Б",з 08:00 до 22:00,6000,True,Kyiv,Київ,UA8000000000,Kyivska,Київська,UA8000000,Kyivska,Київська,UA8000,Kyivska,Київська,UA80
Київ,"просп. Перемоги, 24","Київ, просп. Перемоги, 24",з 08:00 до 22:00,6000,True,Kyiv,Київ,UA8000000000,Kyivska,Київська,UA8000000,Kyivska,Київська,UA8000,Kyivska,Київська,UA80
Київ,"просп. Перемоги, 47","Київ, просп. Перемоги, 47",з 08:00 до 22:00,6000,True,Kyiv,Київ,UA8000000000,Kyivska,Київська,UA8000000,Kyivska,Київська,UA8000,Kyivska,Київська,UA80
Київ,"просп. Перемоги, 87","Київ, просп. Перемоги, 87",з 08:00 до 22:00,6000,True,Kyiv,Київ,UA8000000000,Kyivska,Київська,UA8000000,Kyivska,Київська,UA8000,Kyivska,Київська,UA80
Київ,"просп. Перемоги, 94/1","Київ, просп. Перемоги, 94/1",з 05:00 до 23:00,6000,True,Kyiv,Київ,UA8000000000,Kyivska,Київська,UA8000000,Kyivska,Київська,UA8000,Kyivska,Київська,UA80
Київ,"бул. Перова, 36","Київ, бул. Перова, 36",з 07:30 до 22:00,6000,True,Kyiv,Київ,UA8000000000,Kyivska,Київська,UA8000000,Kyivska,Київська,UA8000,Kyivska,Київська,UA80
Київ,"вул. Північна, 6в","Київ, вул. Північна, 6в",з 08:00 до 22:00,6000,True,Kyiv,Київ,UA8000000000,Kyivska,Київська,UA8000000,Kyivska,Київська,UA8000,Kyivska,Київська,UA80
Київ,"вул. Підлісна, 1","Київ, вул. Підлісна, 1",з 08:00 до 22:00,6000,True,Kyiv,Київ,UA8000000000,Kyivska,Київська,UA8000000,Kyivska,Київська,UA8000,Kyivska,Київська,UA80
Київ,"просп. Порика Василя, 5","Київ, просп. Порика Василя, 5",з 08:00 до 22:00,6000,True,Kyiv,Київ,UA8000000000,Kyivska,Київська,UA8000000,Kyivska,Київська,UA8000,Kyivska,Київська,UA80
Київ,"просп. Правди, 58","Київ, просп. Правди, 58",з 08:00 до 22:00,6000,True,Kyiv,Київ,UA8000000000,Kyivska,Київська,UA8000000,Kyivska,Київська,UA8000,Kyivska,Київська,UA80
Київ,"просп. Правди, 66","Київ, просп. Правди, 66",з 08:00 до 22:00,6000,True,Kyiv,Київ,UA8000000000,Kyivska,Київська,UA8000000,Kyivska,Київська,UA8000,Kyivska,Київська,UA80
Київ,"вул. Райдужна, 15","Київ, вул. Райдужна, 15",з 07:30 до 22:00,6000,True,Kyiv,Київ,UA8000000000,Kyivska,Київська,UA8000000,Kyivska,Київська,UA8000,Kyivska,Київська,UA80
Київ,"вул. Ревуцького, 12/1","Київ, вул. Ревуцького, 12/1",з 07:30 до 22:00,6000,True,Kyiv,Київ,UA8000000000,Kyivska,Київська,UA8000000,Kyivska,Київська,UA8000,Kyivska,Київська,UA80
Київ,"наб. Русанівська, 10","Київ, наб. Русанівська, 10",з 07:30 до 22:00,6000,True,Kyiv,Київ,UA8000000000,Kyivska,Київська,UA8000000,Kyivska,Київська,UA8000,Kyivska,Київська,UA80
Київ,"вул. Сагайдачного, 41","Київ, вул. Сагайдачного, 41",з 08:00 до 22:00,6000,True,Kyiv,Київ,UA8000000000,Kyivska,Київська,UA8000000,Kyivska,Київська,UA8000,Kyivska,Київська,UA80
Київ,"вул. Січових Стрільців, 37/41","Київ, вул. Січових Стрільців, 37/41",з 05:00 до 23:00,6000,True,Kyiv,Київ,UA8000000000,Kyivska,Київська,UA8000000,Kyivska,Київська,UA8000,Kyivska,Київська,UA80
Київ,"пл. Спортивна, 1а","Київ, пл. Спортивна, 1а",з 07:00 до 23:00,6000,True,Kyiv,Київ,UA8000000000,Kyivska,Київська,UA8000000,Kyivska,Київська,UA8000,Kyivska,Київська,UA80
Київ,"вул. Стальського Сулеймана, 22/10","Київ, вул. Стальського Сулеймана, 22/10",з 07:30 до 22:00,6000,True,Kyiv,Київ,UA8000000000,Kyivska,Київська,UA8000000,Kyivska,Київська,UA8000,Kyivska,Київська,UA80
Київ,"шосе Столичне, 103","Київ, шосе Столичне, 103",з 07:30 до 22:00,6000,True,Kyiv,Київ,UA8000000000,Kyivska,Київська,UA8000000,Kyivska,Київська,UA8000,Kyivska,Київська,UA80
Київ,"просп. Тичини Павла, 1в","Київ, просп. Тичини Павла, 1в",з 07:30 до 22:00,6000,True,Kyiv,Київ,UA8000000000,Kyivska,Київська,UA8000000,Kyivska,Київська,UA8000,Kyivska,Київська,UA80
Київ,"вул. Філатова Академіка, 7","Київ, вул. Філатова Академіка, 7",з 07:30 до 22:00,6000,True,Kyiv,Київ,UA8000000000,Kyivska,Київська,UA8000000,Kyivska,Київська,UA8000,Kyivska,Київська,UA80
Київ,"шосе Харківське, 144б","Київ, шосе Харківське, 144б",з 07:00 до 22:00,6000,True,Kyiv,Київ,UA8000000000,Kyivska,Київська,UA8000000,Kyivska,Київська,UA8000,Kyivska,Київська,UA80
Київ,"шосе Харківське, 168","Київ, шосе Харківське, 168",з 07:30 до 22:00,6000,True,Kyiv,Київ,UA8000000000,Kyivska,Київська,UA8000000,Kyivska,Київська,UA8000,Kyivska,Київська,UA80
Київ,"шосе Харківське, 21","Київ, шосе Харківське, 21",з 07:30 до 22:00,6000,True,Kyiv,Київ,UA8000000000,Kyivska,Київська,UA8000000,Kyivska,Київська,UA8000,Kyivska,Київська,UA80
Київ,"бул. Чоколівський, 28/1","Київ, бул. Чоколівський, 28/1",з 08:00 до 22:00,6000,True,Kyiv,Київ,UA8000000000,Kyivska,Київська,UA8000000,Kyivska,Київська,UA8000,Kyivska,Київська,UA80
Київ,"вул. Чорнобильська, 3","Київ, вул. Чорнобильська, 3",з 08:00 до 22:00,6000,True,Kyiv,Київ,UA8000000000,Kyivska,Київська,UA8000000,Kyivska,Київська,UA8000,Kyivska,Київська,UA80
Київ,"вул. Шептицького, 22","Київ, вул. Шептицького, 22",з 07:30 до 22:00,6000,True,Kyiv,Київ,UA8000000000,Kyivska,Київська,UA8000000,Kyivska,Київська,UA8000,Kyivska,Київська,UA80
Київ,"вул. Щербаківського Данила, 56/7","Київ, вул. Щербаківського Данила, 56/7",з 08:00 до 22:00,6000,True,Kyiv,Київ,UA8000000000,Kyivska,Київська,UA8000000,Kyivska,Київська,UA8000,Kyivska,Київська,UA80
Київ,"вул. Юри Гната, 20","Київ, вул. Юри Гната, 20",з 08:00 до 22:00,6000,True,Kyiv,Київ,UA8000000000,Kyivska,Київська,UA8000000,Kyivska,Київська,UA8000,Kyivska,Київська,UA80
Київ,"вул. Якутська, 8","Київ, вул. Якутська, 8",з 08:00 до 22:00,6000,True,Kyiv,Київ,UA8000000000,Kyivska,Київська,UA8000000,Kyivska,Київська,UA8000,Kyivska,Київська,UA80
Київ,"вул. Ярославська, 56а","Київ, вул. Ярославська, 56а",з 08:00 до 22:00,6000,True,Kyiv,Київ,UA8000000000,Kyivska,Київська,UA8000000,Kyivska,Київська,UA8000,Kyivska,Київська,UA80
Лозова,"мікр. Мікрорайон 5, 1","Лозова, мікр. Мікрорайон 5, 1",з 08:00 до 21:00,6000,True,Lozova,Лозова,UA6310005001,Lozivska,Лозівська,UA6310005,Lozivskyi,Лозівський,UA6310,Kharkivska,Харківська,UA63
Львів,"вул. Виговського, 100","Львів, вул. Виговського, 100",з 08:00 до 22:00,6000,True,Lviv,Львів,UA4606025001,Lvivska,Львівська,UA4606025,Lvivskyi,Львівський,UA4606,Lvivska,Львівська,UA46
Львів,"вул. Володимира Великого, 26а","Львів, вул. Володимира Великого, 26а",зачинено,0,False,Lviv,Львів,UA4606025001,Lvivska,Львівська,UA4606025,Lvivskyi,Львівський,UA4606,Lvivska,Львівська,UA46
Львів,"вул. Городоцька, 179","Львів, вул. Городоцька, 179",з 08:00 до 22:00,6000,True,Lviv,Львів,UA4606025001,Lvivska,Львівська,UA4606025,Lvivskyi,Львівський,UA4606,Lvivska,Львівська,UA46
Львів,"вул. Кульпарківська, 226 а","Львів, вул. Кульпарківська, 226 а",з 08:00 до 22:00,6000,True,Lviv,Львів,UA4606025001,Lvivska,Львівська,UA4606025,Lvivskyi,Львівський,UA4606,Lvivska,Львівська,UA46
Львів,"вул. Кульпарківська, 93а","Львів, вул. Кульпарківська, 93а",з 08:00 до 22:00,6000,True,Lviv,Львів,UA4606025001,Lvivska,Львівська,UA4606025,Lvivskyi,Львівський,UA4606,Lvivska,Львівська,UA46
Львів,"вул. Мазепи Гетьмана, 11","Львів, вул. Мазепи Гетьмана, 11",зачинено,0,False,Lviv,Львів,UA4606025001,Lvivska,Львівська,UA4606025,Lvivskyi,Львівський,UA4606,Lvivska,Львівська,UA46
Львів,"вул. Мазепи Гетьмана, 1Б","Львів, вул. Мазепи Гетьмана, 1Б",зачинено,0,False,Lviv,Львів,UA4606025001,Lvivska,Львівська,UA4606025,Lvivskyi,Львівський,UA4606,Lvivska,Львівська,UA46
Львів,"вул. Наукова, 35а","Львів, вул. Наукова, 35а",з 08:00 до 22:00,6000,True,Lviv,Львів,UA4606025001,Lvivska,Львівська,UA4606025,Lvivskyi,Львівський,UA4606,Lvivska,Львівська,UA46
Львів,"вул. Пасічна, 164","Львів, вул. Пасічна, 164",з 08:00 до 22:00,6000,True,Lviv,Львів,UA4606025001,Lvivska,Львівська,UA4606025,Lvivskyi,Львівський,UA4606,Lvivska,Львівська,UA46
Львів,"вул. Під Дубом, 7б","Львів, вул. Під Дубом, 7б",з 08:00 до 22:00,6000,True,Lviv,Львів,UA4606025001,Lvivska,Львівська,UA4606025,Lvivskyi,Львівський,UA4606,Lvivska,Львівська,UA46
Львів,"вул. Сахарова академіка, 45","Львів, вул. Сахарова академіка, 45",з 08:00 до 22:00,6000,True,Lviv,Львів,UA4606025001,Lvivska,Львівська,UA4606025,Lvivskyi,Львівський,UA4606,Lvivska,Львівська,UA46
Львів,"пл. Соборна, 14-15","Львів, пл. Соборна, 14-15",з 08:00 до 22:00,6000,True,Lviv,Львів,UA4606025001,Lvivska,Львівська,UA4606025,Lvivskyi,Львівський,UA4606,Lvivska,Львівська,UA46
Львів,"вул. Хмельницького Богдана, 214","Львів, вул. Хмельницького Богдана, 214",з 08:00 до 22:00,6000,True,Lviv,Львів,UA4606025001,Lvivska,Львівська,UA4606025,Lvivskyi,Львівський,UA4606,Lvivska,Львівська,UA46
Львів,"просп. Червоної Калини, 62","Львів, просп. Червоної Калини, 62",з 08:00 до 22:00,6000,True,Lviv,Львів,UA4606025001,Lvivska,Львівська,UA4606025,Lvivskyi,Львівський,UA4606,Lvivska,Львівська,UA46
Львів,"просп. Чорновола В’ячеслава, 77","Львів, просп. Чорновола В’ячеслава, 77",зачинено,0,False,Lviv,Львів,UA4606025001,Lvivska,Львівська,UA4606025,Lvivskyi,Львівський,UA4606,Lvivska,Львівська,UA46
Львів,"вул. Шевченка, 358а","Львів, вул. Шевченка, 358а",з 08:00 до 22:00,6000,True,Lviv,Львів,UA4606025001,Lvivska,Львівська,UA4606025,Lvivskyi,Львівський,UA4606,Lvivska,Львівська,UA46
Львів,"вул. Шевченка, 60","Львів, вул. Шевченка, 60",з 08:00 до 22:00,6000,True,Lviv,Львів,UA4606025001,Lvivska,Львівська,UA4606025,Lvivskyi,Львівський,UA4606,Lvivska,Львівська,UA46
Львів,"вул. Широка, 87","Львів, вул. Широка, 87",з 08:00 до 22:00,6000,True,Lviv,Львів,UA4606025001,Lvivska,Львівська,UA4606025,Lvivskyi,Львівський,UA4606,Lvivska,Львівська,UA46
Миколаїв,"просп. Центральний, 259/1","Миколаїв, просп. Центральний, 259/1",з 08:00 до 23:00,6000,True,Mykolaiv,Миколаїв,UA4806015001,Mykolaivska,Миколаївська,UA4806015,Mykolaivskyi,Миколаївський,UA4806,Mykolaivska,Миколаївська,UA48
Миколаїв,"просп. Центральний, 98","Миколаїв, просп. Центральний, 98",зачинено,0,False,Mykolaiv,Миколаїв,UA4806015001,Mykolaivska,Миколаївська,UA4806015,Mykolaivskyi,Миколаївський,UA4806,Mykolaivska,Миколаївська,UA48
Миколаїв,"вул. Чкалова, 82","Миколаїв, вул. Чкалова, 82",з 10:00 до 19:30,6000,True,Mykolaiv,Миколаїв,UA4806015001,Mykolaivska,Миколаївська,UA4806015,Mykolaivskyi,Миколаївський,UA4806,Mykolaivska,Миколаївська,UA48
Обухів,"вул. Київська, 107","Обухів, вул. Київська, 107",з 07:30 до 22:00,0,False,Obukhiv,Обухів,UA3212011001,Obukhivska,Обухівська,UA3212011,Obukhivskyi,Обухівський,UA3212,Kyivska,Київська,UA32
Остер,"вул. Хмельницького Богдана, 54","Остер, вул. Хмельницького Богдана, 54",з 07:30 до 22:00,6000,True,Oster,Остер,UA7410031001,Osterska,Остерська,UA7410031,Chernihivskyi,Чернігівський,UA7410,Chernihivska,Чернігівська,UA74
Полтава,"вул. Європейська, 185","Полтава, вул. Європейська, 185",з 08:00 до 21:00,6000,True,Poltava,Полтава,UA5308037001,Poltavska,Полтавська,UA5308037,Poltavskyi,Полтавський,UA5308,Poltavska,Полтавська,UA53
Полтава,"вул. Європейська, 60А","Полтава, вул. Європейська, 60А",з 08:00 до 22:00,6000,True,Poltava,Полтава,UA5308037001,Poltavska,Полтавська,UA5308037,Poltavskyi,Полтавський,UA5308,Poltavska,Полтавська,UA53
Полтава,"вул. Зіньківська, 6/1а","Полтава, вул. Зіньківська, 6/1а",з 08:00 до 22:00,6000,True,Poltava,Полтава,UA5308037001,Poltavska,Полтавська,UA5308037,Poltavskyi,Полтавський,UA5308,Poltavska,Полтавська,UA53
Полтава,"вул. Мазепи Івана, 45/4","Полтава, вул. Мазепи Івана, 45/4",з 08:00 до 22:00,6000,True,Poltava,Полтава,UA5308037001,Poltavska,Полтавська,UA5308037,Poltavskyi,Полтавський,UA5308,Poltavska,Полтавська,UA53
Полтава,"просп. Миру, 30а","Полтава, просп. Миру, 30а",з 08:00 до 22:00,6000,True,Poltava,Полтава,UA5308037001,Poltavska,Полтавська,UA5308037,Poltavskyi,Полтавський,UA5308,Poltavska,Полтавська,UA53
Прилуки,"вул. Київська, 138","Прилуки, вул. Київська, 138",з 08:00 до 21:30,6000,True,Pryluky,Прилуки,UA7408013001,Prylutska,Прилуцька,UA7408013,Prylutskyi,Прилуцький,UA7408,Chernihivska,Чернігівська,UA74
Радомишль,"вул. Велика Житомирська, 1/2","Радомишль, вул. Велика Житомирська, 1/2",з 08:00 до 22:00,6000,True,Radomyshl,Радомишль,UA1804045001,Radomyshlska,Радомишльська,UA1804045,Zhytomyrskyi,Житомирський,UA1804,Zhytomyrska,Житомирська,UA18
Рівне,"вул. Гагаріна, 16","Рівне, вул. Гагаріна, 16",з 08:00 до 22:00,6000,True,Rivne,Рівне,UA5606047001,Rivnenska,Рівненська,UA5606047,Rivnenskyi,Рівненський,UA5606,Rivnenska,Рівненська,UA56
Рівне,"вул. Київська, 69","Рівне, вул. Київська, 69",з 08:00 до 22:00,6000,True,Rivne,Рівне,UA5606047001,Rivnenska,Рівненська,UA5606047,Rivnenskyi,Рівненський,UA5606,Rivnenska,Рівненська,UA56
Рівне,"вул. Короленка, 1","Рівне, вул. Короленка, 1",з 08:00 до 22:00,6000,True,Rivne,Рівне,UA5606047001,Rivnenska,Рівненська,UA5606047,Rivnenskyi,Рівненський,UA5606,Rivnenska,Рівненська,UA56
Сміла,"вул. Незалежності, 67А","Сміла, вул. Незалежності, 67А",з 07:30 до 21:00,6000,True,Smila,Сміла,UA7108039001,Smilianska,Смілянська,UA7108039,Cherkaskyi,Черкаський,UA7108,Cherkaska,Черкаська,UA71
Софіївська Борщагівка,"вул. Київська, 36","Софіївська Борщагівка, вул. Київська, 36",з 06:00 до 23:00,6000,True,Sofiivska Borshchahivka,Софіївська Борщагівка,UA3208005002,Borshchahivska,Борщагівська,UA3208005,Buchanskyi,Бучанський,UA3208,Kyivska,Київська,UA32
Софіївська Борщагівка,"вул. Соборна, 140а","Софіївська Борщагівка, вул. Соборна, 140а",з 08:00 до 22:00,6000,True,Sofiivska Borshchahivka,Софіївська Борщагівка,UA3208005002,Borshchahivska,Борщагівська,UA3208005,Buchanskyi,Бучанський,UA3208,Kyivska,Київська,UA32
Хмельницький,"вул. Бандери Степана, 2а","Хмельницький, вул. Бандери Степана, 2а",з 08:00 до 22:00,6000,True,Khmelnytskyi,Хмельницький,UA6804047001,Khmelnytska,Хмельницька,UA6804047,Khmelnytskyi,Хмельницький,UA6804,Khmelnytska,Хмельницька,UA68
Хмельницький,"вул. Кам’янецька, 122","Хмельницький, вул. Кам’янецька, 122",з 08:00 до 22:00,6000,True,Khmelnytskyi,Хмельницький,UA6804047001,Khmelnytska,Хмельницька,UA6804047,Khmelnytskyi,Хмельницький,UA6804,Khmelnytska,Хмельницька,UA68
Хмельницький,"вул. Свободи, 73","Хмельницький, вул. Свободи, 73",з 08:00 до 22:00,6000,True,Khmelnytskyi,Хмельницький,UA6804047001,Khmelnytska,Хмельницька,UA6804047,Khmelnytskyi,Хмельницький,UA6804,Khmelnytska,Хмельницька,UA68
Хмельницький,"шосе Старокостянтинівське, 6","Хмельницький, шосе Старокостянтинівське, 6",з 08:00 до 22:00,6000,True,Khmelnytskyi,Хмельницький,UA6804047001,Khmelnytska,Хмельницька,UA6804047,Khmelnytskyi,Хмельницький,UA6804,Khmelnytska,Хмельницька,UA68
Хмельницький,"вул. Шевченка, 34","Хмельницький, вул. Шевченка, 34",зачинено,0,False,Khmelnytskyi,Хмельницький,UA6804047001,Khmelnytska,Хмельницька,UA6804047,Khmelnytskyi,Хмельницький,UA6804,Khmelnytska,Хмельницька,UA68
Черкаси,"бул. Шевченка, 207","Черкаси, бул. Шевченка, 207",з 07:30 до 21:00,6000,True,Cherkasy,Черкаси,UA7108049001,Cherkaska,Черкаська,UA7108049,Cherkaskyi,Черкаський,UA7108,Cherkaska,Черкаська,UA71
Черкаси,"бул. Шевченка, 208/1","Черкаси, бул. Шевченка, 208/1",з 07:30 до 21:00,6000,True,Cherkasy,Черкаси,UA7108049001,Cherkaska,Черкаська,UA7108049,Cherkaskyi,Черкаський,UA7108,Cherkaska,Черкаська,UA71
Чернівці,"вул. Героїв Майдану, 71","Чернівці, вул. Героїв Майдану, 71",з 08:00 до 22:00,6000,True,Chernivtsi,Чернівці,UA7306061001,Chernivetska,Чернівецька,UA7306061,Cnernivetskyi,Чернівецький,UA7306,Chernivetska,Чернівецька,UA73
Чернівці,"вул. Головна, 265а","Чернівці, вул. Головна, 265а",з 08:00 до 22:00,6000,True,Chernivtsi,Чернівці,UA7306061001,Chernivetska,Чернівецька,UA7306061,Cnernivetskyi,Чернівецький,UA7306,Chernivetska,Чернівецька,UA73
Щасливе,"шосе Харківське, 1В","Щасливе, шосе Харківське, 1В",з 07:30 до 21:00,6000,True,Shchaslyve,Щасливе,UA3204013001,Prystolychna,Пристолична,UA3204013,Boryspilskyi,Бориспільський,UA3204,Kyivska,Київська,UA32
Южне,"просп. Григор’ївського Десанту, 3","Южне, просп. Григор’ївського Десанту, 3",з 08:00 до 22:00,6000,True,Yuzhne,Южне,UA5110041001,Yuzhnenska,Южненська,UA5110041,Odeskyi,Одеський,UA5110,Odeska,Одеська,UA51
Бориспіль,"вул. Київський Шлях, 6","Бориспіль, вул. Київський Шлях, 6",з 07:30 до 22:30,6000,True,Boryspil,Бориспіль,UA3204001001,Boryspilska,Бориспільська,UA3204001,Boryspilskyi,Бориспільський,UA3204,Kyivska,Київська,UA32
Бориспіль,"вул. Київський Шлях, 67","Бориспіль, вул. Київський Шлях, 67",з 07:30 до 22:00,6000,True,Boryspil,Бориспіль,UA3204001001,Boryspilska,Бориспільська,UA3204001,Boryspilskyi,Бориспільський,UA3204,Kyivska,Київська,UA32
Бориспіль,"вул. Київський Шлях, 76","Бориспіль, вул. Київський Шлях, 76",з 06:00 до 23:00,6000,True,Boryspil,Бориспіль,UA3204001001,Boryspilska,Бориспільська,UA3204001,Boryspilskyi,Бориспільський,UA3204,Kyivska,Київська,UA32
Боярка,"кв. 103 Боярське Лісництво, 1","Боярка, кв. 103 Боярське Лісництво, 1",з 08:00 до 22:00,6000,True,Boiarka,Боярка,UA3214003001,Boiarska,Боярська,UA3214003,Fastivskyi,Фастівський,UA3214,Kyivska,Київська,UA32
Боярка,"вул. Магістральна, 40","Боярка, вул. Магістральна, 40",з 08:00 до 22:00,6000,True,Boiarka,Боярка,UA3214003001,Boiarska,Боярська,UA3214003,Fastivskyi,Фастівський,UA3214,Kyivska,Київська,UA32
Бровари,"вул. Київська, 156","Бровари, вул. Київська, 156",з 07:30 до 22:00,6000,True,Brovary,Бровари,UA3206005001,Brovarska,Броварська,UA3206005,Brovarskyi,Броварський,UA3206,Kyivska,Київська,UA32
Бровари,"вул. Київська, 241","Бровари, вул. Київська, 241",з 07:30 до 22:00,6000,True,Brovary,Бровари,UA3206005001,Brovarska,Броварська,UA3206005,Brovarskyi,Броварський,UA3206,Kyivska,Київська,UA32
Буча,"бул. Бірюкова Леоніда, 2","Буча, бул. Бірюкова Леоніда, 2",з 08:00 до 22:00,6000,True,Bucha,Буча,UA3208007001,Buchanska,Бучанська,UA3208007,Buchanskyi,Бучанський,UA3208,Kyivska,Київська,UA32
Васильків,"вул. Грушевського, 19","Васильків, вул. Грушевського, 19",з 08:00 до 22:00,6000,True,Vasylkiv,Васильків,UA3212003001,Vasylkivska,Васильківська,UA3212003,Obukhivskyi,Обухівський,UA3212,Kyivska,Київська,UA32
Васильків,"вул. Соборна, 64/1","Васильків, вул. Соборна, 64/1",з 08:00 до 22:00,6000,True,Vasylkiv,Васильків,UA3212003001,Vasylkivska,Васильківська,UA3212003,Obukhivskyi,Обухівський,UA3212,Kyivska,Київська,UA32
Вишгород,"вул. Набережна, 11","Вишгород, вул. Набережна, 11",з 08:00 до 22:00,6000,True,Vyshhorod,Вишгород,UA3210001001,Vyshhorodska,Вишгородська,UA3210001,Vyshhorodskyi,Вишгородський,UA3210,Kyivska,Київська,UA32
Вінниця,"вул. 600-річчя, 17-Е","Вінниця, вул. 600-річчя, 17-Е",з 09:00 до 21:30,6000,True,Vinnytsia,Вінниця,UA0502003001,Vinnytska,Вінницька,UA0502003,Vinnytskyi,Вінницький,UA0502,Vinnytska,Вінницька,UA05
Вінниця,"пл. Гагаріна, 2","Вінниця, пл. Гагаріна, 2",з 08:00 до 22:00,6000,True,Vinnytsia,Вінниця,UA0502003001,Vinnytska,Вінницька,UA0502003,Vinnytskyi,Вінницький,UA0502,Vinnytska,Вінницька,UA05
Вінниця,"вул. Зодчих, 2","Вінниця, вул. Зодчих, 2",з 07:30 до 22:30,6000,True,Vinnytsia,Вінниця,UA0502003001,Vinnytska,Вінницька,UA0502003,Vinnytskyi,Вінницький,UA0502,Vinnytska,Вінницька,UA05
Вінниця,"вул. Келецька, 105","Вінниця, вул. Келецька, 105",з 07:30 до 22:00,6000,True,Vinnytsia,Вінниця,UA0502003001,Vinnytska,Вінницька,UA0502003,Vinnytskyi,Вінницький,UA0502,Vinnytska,Вінницька,UA05
Вінниця,"вул. Келецька, 121","Вінниця, вул. Келецька, 121",з 08:00 до 22:00,6000,True,Vinnytsia,Вінниця,UA0502003001,Vinnytska,Вінницька,UA0502003,Vinnytskyi,Вінницький,UA0502,Vinnytska,Вінницька,UA05
Вінниця,"просп. Космонавтів, 49","Вінниця, просп. Космонавтів, 49",зачинено,0,False,Vinnytsia,Вінниця,UA0502003001,Vinnytska,Вінницька,UA0502003,Vinnytskyi,Вінницький,UA0502,Vinnytska,Вінницька,UA05
Вінниця,"вул. Оводова Миколи, 51","Вінниця, вул. Оводова Миколи, 51",з 07:30 до 22:00,6000,True,Vinnytsia,Вінниця,UA0502003001,Vinnytska,Вінницька,UA0502003,Vinnytskyi,Вінницький,UA0502,Vinnytska,Вінницька,UA05
Вінниця,"просп. Юності, 18","Вінниця, просп. Юності, 18",з 07:30 до 22:00,6000,True,Vinnytsia,Вінниця,UA0502003001,Vinnytska,Вінницька,UA0502003,Vinnytskyi,Вінницький,UA0502,Vinnytska,Вінницька,UA05
Віта-Поштова,"вул. Звенигородська, 200д","Віта-Поштова, вул. Звенигородська, 200д",з 08:00 до 22:00,6000,True,Vita-Poshtova,Віта-Поштова,UA3214005002,Hatnenska,Гатненська,UA3214005,Fastivskyi,Фастівський,UA3214,Kyivska,Київська,UA32
Дніпро,"пл. Вокзальна, 13","Дніпро, пл. Вокзальна, 13",з 07:00 до 21:30,6000,True,Dnipro,Дніпро,UA1202001001,Dniprovska,Дніпровська,UA1202001,Dniprovskyi,Дніпровський,UA1202,Dnipropetrovska,Дніпропетровська,UA12
Дніпро,"просп. Гагаріна, 3","Дніпро, просп. Гагаріна, 3",з 08:00 до 22:00,6000,True,Dnipro,Дніпро,UA1202001001,Dniprovska,Дніпровська,UA1202001,Dniprovskyi,Дніпровський,UA1202,Dnipropetrovska,Дніпропетровська,UA12
Дніпро,"вул. Європейська, 18a","Дніпро, вул. Європейська, 18a",з 08:00 до 21:00,6000,True,Dnipro,Дніпро,UA1202001001,Dniprovska,Дніпровська,UA1202001,Dniprovskyi,Дніпровський,UA1202,Dnipropetrovska,Дніпропетровська,UA12
Дніпро,"бул. Катеринославський, 1","Дніпро, бул. Катеринославський, 1",з 08:00 до 21:00,6000,True,Dnipro,Дніпро,UA1202001001,Dniprovska,Дніпровська,UA1202001,Dniprovskyi,Дніпровський,UA1202,Dnipropetrovska,Дніпропетровська,UA12
Дніпро,"вул. Кондратюка Юрія, 4","Дніпро, вул. Кондратюка Юрія, 4",з 08:00 до 22:00,6000,True,Dnipro,Дніпро,UA1202001001,Dniprovska,Дніпровська,UA1202001,Dniprovskyi,Дніпровський,UA1202,Dnipropetrovska,Дніпропетровська,UA12
Дніпро,"пров. Крушельницької, 6а","Дніпро, пров. Крушельницької, 6а",з 08:00 до 22:00,6000,True,Dnipro,Дніпро,UA1202001001,Dniprovska,Дніпровська,UA1202001,Dniprovskyi,Дніпровський,UA1202,Dnipropetrovska,Дніпропетровська,UA12
Дніпро,"вул. Новокримська, 3а","Дніпро, вул. Новокримська, 3а",з 08:00 до 22:00,6000,True,Dnipro,Дніпро,UA1202001001,Dniprovska,Дніпровська,UA1202001,Dniprovskyi,Дніпровський,UA1202,Dnipropetrovska,Дніпропетровська,UA12
Дніпро,"вул. Пастера, 6А","Дніпро, вул. Пастера, 6А",з 08:00 до 22:00,6000,True,Dnipro,Дніпро,UA1202001001,Dniprovska,Дніпровська,UA1202001,Dniprovskyi,Дніпровський,UA1202,Dnipropetrovska,Дніпропетровська,UA12
Дніпро,"бул. Слави, 5","Дніпро, бул. Слави, 5",з 08:00 до 22:00,6000,True,Dnipro,Дніпро,UA1202001001,Dniprovska,Дніпровська,UA1202001,Dniprovskyi,Дніпровський,UA1202,Dnipropetrovska,Дніпропетровська,UA12
Дніпро,"просп. Слобожанський, 31д","Дніпро, просп. Слобожанський, 31д",з 08:00 до 21:00,6000,True,Dnipro,Дніпро,UA1202001001,Dniprovska,Дніпровська,UA1202001,Dniprovskyi,Дніпровський,UA1202,Dnipropetrovska,Дніпропетровська,UA12
Дніпро,"просп. Слобожанський, 76/78","Дніпро, просп. Слобожанський, 76/78",з 08:00 до 22:00,6000,True,Dnipro,Дніпро,UA1202001001,Dniprovska,Дніпровська,UA1202001,Dniprovskyi,Дніпровський,UA1202,Dnipropetrovska,Дніпропетровська,UA12
Дніпро,"вул. Титова, 36","Дніпро, вул. Титова, 36",з 08:00 до 22:00,6000,True,Dnipro,Дніпро,UA1202001001,Dniprovska,Дніпровська,UA1202001,Dniprovskyi,Дніпровський,UA1202,Dnipropetrovska,Дніпропетровська,UA12
Дніпро,"вул. Тополина, 1","Дніпро, вул. Тополина, 1",з 08:00 до 21:30,6000,True,Dnipro,Дніпро,UA1202001001,Dniprovska,Дніпровська,UA1202001,Dniprovskyi,Дніпровський,UA1202,Dnipropetrovska,Дніпропетровська,UA12
Дніпро,"вул. Фабра Андрія, 7","Дніпро, вул. Фабра Андрія, 7",з 08:00 до 21:00,6000,True,Dnipro,Дніпро,UA1202001001,Dniprovska,Дніпровська,UA1202001,Dniprovskyi,Дніпровський,UA1202,Dnipropetrovska,Дніпропетровська,UA12
Дрогобич,"вул. Володимира Великого, 7","Дрогобич, вул. Володимира Великого, 7",з 08:00 до 22:00,6000,True,Drohobych,Дрогобич,UA4602003001,Drohobytska,Дрогобицька,UA4602003,Drohobytskyi,Дрогобицький,UA4602,Lvivska,Львівська,UA46
Житомир,"вул. Грушевського Михайла, 5","Житомир, вул. Грушевського Михайла, 5",з 08:00 до 22:00,6000,True,Zhytomyr,Житомир,UA1804019001,Zhytomyrska,Житомирська,UA1804019,Zhytomyrskyi,Житомирський,UA1804,Zhytomyrska,Житомирська,UA18
Житомир,"майд. Житній Ринок, 1","Житомир, майд. Житній Ринок, 1",з 08:00 до 22:00,6000,True,Zhytomyr,Житомир,UA1804019001,Zhytomyrska,Житомирська,UA1804019,Zhytomyrskyi,Житомирський,UA1804,Zhytomyrska,Житомирська,UA18
Івано-Франківськ,"вул. Дністровська, 3","Івано-Франківськ, вул. Дністровська, 3",з 08:00 до 22:00,6000,True,Ivano-Frankivsk,Івано-Франківськ,UA2604019001,Ivano-Frankivska,Івано-Франківська,UA2604019,Ivano-Frankivskyi,Івано-Франківський,UA2604,Ivano-Frankivska,Івано-Франківська,UA26
Івано-Франківськ,"вул. Мазепи, 168а","Івано-Франківськ, вул. Мазепи, 168а",з 08:00 до 22:00,6000,True,Ivano-Frankivsk,Івано-Франківськ,UA2604019001,Ivano-Frankivska,Івано-Франківська,UA2604019,Ivano-Frankivskyi,Івано-Франківський,UA2604,Ivano-Frankivska,Івано-Франківська,UA26
Івано-Франківськ,"бул. Північний ім. Пушкіна, 2а","Івано-Франківськ, бул. Північний ім. Пушкіна, 2а",з 08:00 до 22:00,6000,True,Ivano-Frankivsk,Івано-Франківськ,UA2604019001,Ivano-Frankivska,Івано-Франківська,UA2604019,Ivano-Frankivskyi,Івано-Франківський,UA2604,Ivano-Frankivska,Івано-Франківська,UA26
Ірпінь,"вул. Чехова, 27","Ірпінь, вул. Чехова, 27",з 08:00 до 22:00,6000,True,Irpin,Ірпінь,UA3208015001,Irpinska,Ірпінська,UA3208015,Buchanskyi,Бучанський,UA3208,Kyivska,Київська,UA32
Калуш,"майд. Шептицького, 7","Калуш, майд. Шептицького, 7",з 08:00 до 22:00,6000,True,Kalush,Калуш,UA2606017001,Kaluska,Калуська,UA2606017,Kaluskyi,Калуський,UA2606,Ivano-Frankivska,Івано-Франківська,UA26
Кам'янець-Подільський,"вул. Гагаріна, 42/1","Кам’янець-Подільський, вул. Гагаріна, 42/1",зачинено,0,False,Kamianets-Podilskyi,Кам'янець-Подільський,UA6802011001,Kamianets-Podilska,Кам'янець-Подільська,UA6802011,Kamianets-Podilskyi,Кам'янець-Подільський,UA6802,Khmelnytska,Хмельницька,UA68
Кам'янець-Подільський,"шосе Нігинське, 41/1","Кам’янець-Подільський, шосе Нігинське, 41/1",з 08:00 до 22:00,6000,True,Kamianets-Podilskyi,Кам'янець-Подільський,UA6802011001,Kamianets-Podilska,Кам'янець-Подільська,UA6802011,Kamianets-Podilskyi,Кам'янець-Подільський,UA6802,Khmelnytska,Хмельницька,UA68
Кам'янець-Подільський,"вул. Українки Лесі, 30","Кам’янець-Подільський, вул. Українки Лесі, 30",з 08:00 до 22:00,6000,True,Kamianets-Podilskyi,Кам'янець-Подільський,UA6802011001,Kamianets-Podilska,Кам'янець-Подільська,UA6802011,Kamianets-Podilskyi,Кам'янець-Подільський,UA6802,Khmelnytska,Хмельницька,UA68
Кам'янське,"просп. Шевченка, 9","Кам’янське, просп. Шевченка, 9",з 08:00 до 21:30,6000,True,Kamianske,Кам'янське,UA0110047002,Semysotska,Семисотська,UA0110047,Kerchynskyi,Керченський,UA0110,Avtonomna Respublika Krym,Автономна Республіка Крим,UA01
Канів,"вул. Енергетиків, 12А","Канів, вул. Енергетиків, 12А",з 07:30 до 22:00,6000,True,Kaniv,Канів,UA7108015001,Kanivska,Канівська,UA7108015,Cherkaskyi,Черкаський,UA7108,Cherkaska,Черкаська,UA71
Київ,"вул. Антоновича, 165","Київ, вул. Антоновича, 165",з 07:30 до 22:00,6000,True,Kyiv,Київ,UA4804023008,Prybuzka,Прибузька,UA4804023,Voznesenskyi,Вознесенський,UA4804,Mykolaivska,Миколаївська,UA48
Київ,"вул. Березнева, 12а","Київ, вул. Березнева, 12а",з 07:30 до 22:00,6000,True,Kyiv,Київ,UA4804023008,Prybuzka,Прибузька,UA4804023,Voznesenskyi,Вознесенський,UA4804,Mykolaivska,Миколаївська,UA48
Київ,"вул. Берковецька, 6д","Київ, вул. Берковецька, 6д",з 09:00 до 22:00,6000,True,Kyiv,Київ,UA4804023008,Prybuzka,Прибузька,UA4804023,Voznesenskyi,Вознесенський,UA4804,Mykolaivska,Миколаївська,UA48
Київ,"вул. Булгакова, 11а","Київ, вул. Булгакова, 11а",з 08:00 до 22:00,6000,True,Kyiv,Київ,UA4804023008,Prybuzka,Прибузька,UA4804023,Voznesenskyi,Вознесенський,UA4804,Mykolaivska,Миколаївська,UA48
Київ,"вул. Вишгородська, 21","Київ, вул. Вишгородська, 21",з 08:00 до 22:00,6000,True,Kyiv,Київ,UA4804023008,Prybuzka,Прибузька,UA4804023,Voznesenskyi,Вознесенський,UA4804,Mykolaivska,Миколаївська,UA48
Київ,"просп. Володимира Івасюка, 12п","Київ, просп. Володимира Івасюка, 12п",з 08:00 до 22:00,6000,True,Kyiv,Київ,UA4804023008,Prybuzka,Прибузька,UA4804023,Voznesenskyi,Вознесенський,UA4804,Mykolaivska,Миколаївська,UA48
Київ,"просп. Володимира Івасюка, 27Б","Київ, просп. Володимира Івасюка, 27Б",з 08:00 до 22:00,6000,True,Kyiv,Київ,UA4804023008,Prybuzka,Прибузька,UA4804023,Voznesenskyi,Вознесенський,UA4804,Mykolaivska,Миколаївська,UA48
Київ,"просп. Володимира Івасюка, 46","Київ, просп. Володимира Івасюка, 46",з 05:00 до 23:00,6000,True,Kyiv,Київ,UA4804023008,Prybuzka,Прибузька,UA4804023,Voznesenskyi,Вознесенський,UA4804,Mykolaivska,Миколаївська,UA48
Київ,"просп. Володимира Івасюка, 8а","Київ, просп. Володимира Івасюка, 8а",з 08:00 до 22:00,6000,True,Kyiv,Київ,UA4804023008,Prybuzka,Прибузька,UA4804023,Voznesenskyi,Вознесенський,UA4804,Mykolaivska,Миколаївська,UA48
Київ,"вул. Дорогожицька, 2","Київ, вул. Дорогожицька, 2",з 08:00 до 22:00,6000,True,Kyiv,Київ,UA4804023008,Prybuzka,Прибузька,UA4804023,Voznesenskyi,Вознесенський,UA4804,Mykolaivska,Миколаївська,UA48
Київ,"вул. Западинська, 15","Київ, вул. Западинська, 15",з 08:00 до 22:00,6000,True,Kyiv,Київ,UA4804023008,Prybuzka,Прибузька,UA4804023,Voznesenskyi,Вознесенський,UA4804,Mykolaivska,Миколаївська,UA48
Київ,"вул. Коновальця Євгена, 26а","Київ, вул. Коновальця Євгена, 26а",з 07:30 до 22:00,6000,True,Kyiv,Київ,UA4804023008,Prybuzka,Прибузька,UA4804023,Voznesenskyi,Вознесенський,UA4804,Mykolaivska,Миколаївська,UA48
Київ,"вул. Магнітогорська, 1а","Київ, вул. Магнітогорська, 1а",з 09:00 до 20:00,6000,True,Kyiv,Київ,UA4804023008,Prybuzka,Прибузька,UA4804023,Voznesenskyi,Вознесенський,UA4804,Mykolaivska,Миколаївська,UA48
Київ,"вул. Малиновського, 34","Київ, вул. Малиновського, 34",з 08:00 до 22:00,0,True,Kyiv,Київ,UA4804023008,Prybuzka,Прибузька,UA4804023,Voznesenskyi,Вознесенський,UA4804,Mykolaivska,Миколаївська,UA48
Київ,"просп. Маяковського, 43/2","Київ, просп. Маяковського, 43/2",з 07:30 до 22:00,6000,True,Kyiv,Київ,UA4804023008,Prybuzka,Прибузька,UA4804023,Voznesenskyi,Вознесенський,UA4804,Mykolaivska,Миколаївська,UA48
Київ,"вул. Милославська, 10а","Київ, вул. Милославська, 10а",з 07:00 до 22:00,6000,True,Kyiv,Київ,UA4804023008,Prybuzka,Прибузька,UA4804023,Voznesenskyi,Вознесенський,UA4804,Mykolaivska,Миколаївська,UA48
Київ,"просп. Мінський, 4а","Київ, просп. Мінський, 4а",з 08:00 до 22:00,6000,True,Kyiv,Київ,UA4804023008,Prybuzka,Прибузька,UA4804023,Voznesenskyi,Вознесенський,UA4804,Mykolaivska,Миколаївська,UA48
Київ,"просп. Оболонський, 1Б","Київ, просп. Оболонський, 1Б",з 08:00 до 22:00,6000,True,Kyiv,Київ,UA4804023008,Prybuzka,Прибузька,UA4804023,Voznesenskyi,Вознесенський,UA4804,Mykolaivska,Миколаївська,UA48
Київ,"просп. Оболонський, 36б","Київ, просп. Оболонський, 36б",з 08:00 до 22:00,6000,True,Kyiv,Київ,UA4804023008,Prybuzka,Прибузька,UA4804023,Voznesenskyi,Вознесенський,UA4804,Mykolaivska,Миколаївська,UA48
Київ,"вул. Оленівська, 3","Київ, вул. Оленівська, 3",з 08:00 до 22:00,6000,True,Kyiv,Київ,UA4804023008,Prybuzka,Прибузька,UA4804023,Voznesenskyi,Вознесенський,UA4804,Mykolaivska,Миколаївська,UA48
Київ,"вул. Райдужна, 8","Київ, вул. Райдужна, 8",з 07:30 до 22:00,6000,True,Kyiv,Київ,UA4804023008,Prybuzka,Прибузька,UA4804023,Voznesenskyi,Вознесенський,UA4804,Mykolaivska,Миколаївська,UA48
Київ,"вул. Скляренка Семена, 17","Київ, вул. Скляренка Семена, 17",з 08:00 до 22:00,6000,True,Kyiv,Київ,UA4804023008,Prybuzka,Прибузька,UA4804023,Voznesenskyi,Вознесенський,UA4804,Mykolaivska,Миколаївська,UA48
Київ,"вул. Срібнокільська, 3","Київ, вул. Срібнокільська, 3",з 07:30 до 22:00,6000,True,Kyiv,Київ,UA4804023008,Prybuzka,Прибузька,UA4804023,Voznesenskyi,Вознесенський,UA4804,Mykolaivska,Миколаївська,UA48
Київ,"бул. Чоколівський, 6","Київ, бул. Чоколівський, 6",з 08:00 до 22:00,6000,True,Kyiv,Київ,UA4804023008,Prybuzka,Прибузька,UA4804023,Voznesenskyi,Вознесенський,UA4804,Mykolaivska,Миколаївська,UA48
Київ,"вул. Шептицького, 4","Київ, вул. Шептицького, 4",з 07:30 до 22:00,6000,True,Kyiv,Київ,UA4804023008,Prybuzka,Прибузька,UA4804023,Voznesenskyi,Вознесенський,UA4804,Mykolaivska,Миколаївська,UA48
Коростень,"вул. Героїв Чорнобиля, 11","Коростень, вул. Героїв Чорнобиля, 11",з 08:00 до 22:00,6000,True,Korosten,Коростень,UA1806009001,Korostenska,Коростенська,UA1806009,Korostenskyi,Коростенський,UA1806,Zhytomyrska,Житомирська,UA18
Коростишів,"вул. Київська, 66","Коростишів, вул. Київська, 66",з 08:00 до 22:00,6000,True,Korostyshiv,Коростишів,UA1804025001,Korostyshivska,Коростишівська,UA1804025,Zhytomyrskyi,Житомирський,UA1804,Zhytomyrska,Житомирська,UA18
Костопіль,"вул. Грушевського, 29","Костопіль, вул. Грушевського, 29",зачинено,0,False,Kostopil,Костопіль,UA5606035001,Kostopilska,Костопільська,UA5606035,Rivnenskyi,Рівненський,UA5606,Rivnenska,Рівненська,UA56
Кривий Ріг,"бул. Вечірній, 33","Кривий Ріг, бул. Вечірній, 33",з 08:00 до 22:00,6000,True,Kryvyi Rih,Кривий Ріг,UA1206017001,Kryvorizka,Криворізька,UA1206017,Kryvorizkyi,Криворізький,UA1206,Dnipropetrovska,Дніпропетровська,UA12
Кривий Ріг,"пл. Визволення, 1к","Кривий Ріг, пл. Визволення, 1к",з 08:00 до 22:00,6000,True,Kryvyi Rih,Кривий Ріг,UA1206017001,Kryvorizka,Криворізька,UA1206017,Kryvorizkyi,Криворізький,UA1206,Dnipropetrovska,Дніпропетровська,UA12
Кривий Ріг,"вул. Героїв АТО, 30а","Кривий Ріг, вул. Героїв АТО, 30а",з 08:00 до 22:00,6000,True,Kryvyi Rih,Кривий Ріг,UA1206017001,Kryvorizka,Криворізька,UA1206017,Kryvorizkyi,Криворізький,UA1206,Dnipropetrovska,Дніпропетровська,UA12
Кривий Ріг,"вул. Лермонтова, 37","Кривий Ріг, вул. Лермонтова, 37",з 08:00 до 22:00,6000,True,Kryvyi Rih,Кривий Ріг,UA1206017001,Kryvorizka,Криворізька,UA1206017,Kryvorizkyi,Криворізький,UA1206,Dnipropetrovska,Дніпропетровська,UA12
Кропивницький,"вул. Велика Перспективна, 53","Кропивницький, вул. Велика Перспективна, 53",з 08:00 до 22:00,6000,True,Kropyvnytskyi,Кропивницький,UA3504021001,Kropyvnytskyi,Кропивницька,UA3504021,Kropyvnytskyi,Кропивницький,UA3504,Kirovohradska,Кіровоградська,UA35
Кропивницький,"вул. Соборна, 22Б","Кропивницький, вул. Соборна, 22Б",зачинено,0,False,Kropyvnytskyi,Кропивницький,UA3504021001,Kropyvnytskyi,Кропивницька,UA3504021,Kropyvnytskyi,Кропивницький,UA3504,Kirovohradska,Кіровоградська,UA35
Лиманка,"вул. Жемчужна, 5","Лиманка, вул. Жемчужна, 5",з 08:00 до 22:00,6000,True,Lymanka,Лиманка,UA5110029003,Tairovska,Таїровська,UA5110029,Odeskyi,Одеський,UA5110,Odeska,Одеська,UA51
Лісники,"вул. Ватутіна, 170","Лісники, вул. Ватутіна, 170",з 07:30 до 22:00,6000,True,Lisnyky,Лісники,UA3212017006,Feodosiivska,Феодосіївська,UA3212017,Obukhivskyi,Обухівський,UA3212,Kyivska,Київська,UA32
Луцьк,"просп. Волі, 1","Луцьк, просп. Волі, 1",з 08:00 до 22:00,6000,True,Lutsk,Луцьк,UA0708017001,Lutska,Луцька,UA0708017,Lutskyi,Луцький,UA0708,Volynska,Волинська,UA07
Луцьк,"просп. Грушевського, 2","Луцьк, просп. Грушевського, 2",з 08:00 до 22:00,6000,True,Lutsk,Луцьк,UA0708017001,Lutska,Луцька,UA0708017,Lutskyi,Луцький,UA0708,Volynska,Волинська,UA07
Луцьк,"майд. Київський майдан, 11","Луцьк, майд. Київський майдан, 11",з 08:00 до 22:00,6000,True,Lutsk,Луцьк,UA0708017001,Lutska,Луцька,UA0708017,Lutskyi,Луцький,UA0708,Volynska,Волинська,UA07
Луцьк,"вул. Кравчука, 23","Луцьк, вул. Кравчука, 23",з 08:00 до 22:00,6000,True,Lutsk,Луцьк,UA0708017001,Lutska,Луцька,UA0708017,Lutskyi,Луцький,UA0708,Volynska,Волинська,UA07
Луцьк,"вул. Рівненська, 89","Луцьк, вул. Рівненська, 89",з 08:00 до 22:00,6000,True,Lutsk,Луцьк,UA0708017001,Lutska,Луцька,UA0708017,Lutskyi,Луцький,UA0708,Volynska,Волинська,UA07
Львів,"вул. Стрийська, 45","Львів, вул. Стрийська, 45",з 08:00 до 22:00,6000,True,Lviv,Львів,UA1206025018,Novopilska,Новопільська,UA1206025,Kryvorizkyi,Криворізький,UA1206,Dnipropetrovska,Дніпропетровська,UA12
Малин,"вул. Грушевського Михайла, 43","Малин, вул. Грушевського Михайла, 43",з 08:00 до 22:00,6000,True,Malyn,Малин,UA1806013001,Malynska,Малинська,UA1806013,Korostenskyi,Коростенський,UA1806,Zhytomyrska,Житомирська,UA18
Миргород,"вул. Гоголя Миколи, 98/6","Миргород, вул. Гоголя Миколи, 98/6",з 08:00 до 22:00,6000,True,Myrhorod,Миргород,UA5306023001,Myrhorodska,Миргородська,UA5306023,Myrhorodskyi,Миргородський,UA5306,Poltavska,Полтавська,UA53
Мукачево,"вул. Федорова Івана, 6","Мукачево, вул. Федорова Івана, 6",з 08:00 до 22:00,6000,True,Mukachevo,Мукачево,UA2104015001,Mukachivska,Мукачівська,UA2104015,Mukachivskyi,Мукачівський,UA2104,Zakarpatska,Закарпатська,UA21
Нетішин,"вул. Лісова, 1Б","Нетішин, вул. Лісова, 1Б",зачинено,0,False,Netishyn,Нетішин,UA6806017001,Netishynska,Нетішинська,UA6806017,Shepetivskyi,Шепетівський,UA6806,Khmelnytska,Хмельницька,UA68
Ніжин,"вул. Незалежності, 36/1","Ніжин, вул. Незалежності, 36/1",з 08:00 до 21:00,6000,True,Nizhyn,Ніжин,UA7404025001,Nizhynska,Ніжинська,UA7404025,Nizhynskyi,Ніжинський,UA7404,Chernihivska,Чернігівська,UA74
Новий Розділ,"вул. Шевченка, 30А","Новий Розділ, вул. Шевченка, 30А",з 08:00 до 22:00,6000,True,Novyi Rozdil,Новий Розділ,UA4610015001,Novorozdilska,Новороздільська,UA4610015,Stryiskyi,Стрийський,UA4610,Lvivska,Львівська,UA46
Овідіополь,"вул. Шевченка, 228","Овідіополь, вул. Шевченка, 228",з 07:00 до 22:00,0,True,Ovidiopol,Овідіополь,UA5110025001,Ovidiopolska,Овідіопольська,UA5110025,Odeskyi,Одеський,UA5110,Odeska,Одеська,UA51
Одеса,"вул. Бочарова, 13а","Одеса, вул. Бочарова, 13а",з 07:00 до 22:00,6000,True,Odesa,Одеса,UA5110027001,Odeska,Одеська,UA5110027,Odeskyi,Одеський,UA5110,Odeska,Одеська,UA51
Одеса,"вул. Бочарова, 44","Одеса, вул. Бочарова, 44",з 08:00 до 22:00,6000,True,Odesa,Одеса,UA5110027001,Odeska,Одеська,UA5110027,Odeskyi,Одеський,UA5110,Odeska,Одеська,UA51
Одеса,"вул. Вільямса Академіка, 75","Одеса, вул. Вільямса Академіка, 75",з 08:00 до 21:30,6000,True,Odesa,Одеса,UA5110027001,Odeska,Одеська,UA5110027,Odeskyi,Одеський,UA5110,Odeska,Одеська,UA51
Одеса,"вул. Генуезька, 24б","Одеса, вул. Генуезька, 24б",з 08:00 до 22:00,6000,True,Odesa,Одеса,UA5110027001,Odeska,Одеська,UA5110027,Odeskyi,Одеський,UA5110,Odeska,Одеська,UA51
Одеса,"вул. Генуезька, 5","Одеса, вул. Генуезька, 5",з 08:00 до 22:00,6000,True,Odesa,Одеса,UA5110027001,Odeska,Одеська,UA5110027,Odeskyi,Одеський,UA5110,Odeska,Одеська,UA51
Одеса,"вул. Героїв Крут, 17/1","Одеса, вул. Героїв Крут, 17/1",з 08:00 до 22:00,6000,True,Odesa,Одеса,UA5110027001,Odeska,Одеська,UA5110027,Odeskyi,Одеський,UA5110,Odeska,Одеська,UA51
Одеса,"вул. Героїв Оборони Одеси, 98б","Одеса, вул. Героїв Оборони Одеси, 98б",з 07:00 до 22:00,6000,True,Odesa,Одеса,UA5110027001,Odeska,Одеська,UA5110027,Odeskyi,Одеський,UA5110,Odeska,Одеська,UA51
Одеса,"вул. Довженка Олександра, 4","Одеса, вул. Довженка Олександра, 4",з 08:00 до 22:00,6000,True,Odesa,Одеса,UA5110027001,Odeska,Одеська,UA5110027,Odeskyi,Одеський,UA5110,Odeska,Одеська,UA51
Одеса,"вул. Єврейська, 50/1","Одеса, вул. Єврейська, 50/1",з 08:00 до 22:00,6000,True,Odesa,Одеса,UA5110027001,Odeska,Одеська,UA5110027,Odeskyi,Одеський,UA5110,Odeska,Одеська,UA51
Одеса,"вул. Катерининська, 27/1","Одеса, вул. Катерининська, 27/1",з 08:00 до 22:00,6000,True,Odesa,Одеса,UA5110027001,Odeska,Одеська,UA5110027,Odeskyi,Одеський,UA5110,Odeska,Одеська,UA51
Одеса,"вул. Корольова, 44","Одеса, вул. Корольова, 44",з 07:00 до 22:00,6000,True,Odesa,Одеса,UA5110027001,Odeska,Одеська,UA5110027,Odeskyi,Одеський,UA5110,Odeska,Одеська,UA51
Одеса,"вул. Кримська, 71","Одеса, вул. Кримська, 71",з 08:00 до 22:00,6000,True,Odesa,Одеса,UA5110027001,Odeska,Одеська,UA5110027,Odeskyi,Одеський,UA5110,Odeska,Одеська,UA51
Одеса,"дорога Люстдорфська, 54","Одеса, дорога Люстдорфська, 54",з 08:00 до 22:00,6000,True,Odesa,Одеса,UA5110027001,Odeska,Одеська,UA5110027,Odeskyi,Одеський,UA5110,Odeska,Одеська,UA51
Одеса,"вул. Малиновського, 33","Одеса, вул. Малиновського, 33",з 08:00 до 22:00,6000,True,Odesa,Одеса,UA5110027001,Odeska,Одеська,UA5110027,Odeskyi,Одеський,UA5110,Odeska,Одеська,UA51
Одеса,"просп. Небесної Сотні, 14","Одеса, просп. Небесної Сотні, 14",з 07:00 до 22:00,6000,True,Odesa,Одеса,UA5110027001,Odeska,Одеська,UA5110027,Odeskyi,Одеський,UA5110,Odeska,Одеська,UA51
Одеса,"просп. Небесної Сотні, 2","Одеса, просп. Небесної Сотні, 2",з 09:00 до 22:00,6000,True,Odesa,Одеса,UA5110027001,Odeska,Одеська,UA5110027,Odeskyi,Одеський,UA5110,Odeska,Одеська,UA51
Одеса,"просп. Небесної Сотні, 5а","Одеса, просп. Небесної Сотні, 5а",з 08:00 до 22:00,6000,True,Odesa,Одеса,UA5110027001,Odeska,Одеська,UA5110027,Odeskyi,Одеський,UA5110,Odeska,Одеська,UA51
Одеса,"вул. Новощепний Ряд, 2","Одеса, вул. Новощепний Ряд, 2",з 08:00 до 21:00,6000,True,Odesa,Одеса,UA5110027001,Odeska,Одеська,UA5110027,Odeskyi,Одеський,UA5110,Odeska,Одеська,UA51
Одеса,"вул. Палія Семена, 125 Б","Одеса, вул. Палія Семена, 125 Б",з 07:30 до 22:00,6000,True,Odesa,Одеса,UA5110027001,Odeska,Одеська,UA5110027,Odeskyi,Одеський,UA5110,Odeska,Одеська,UA51
Одеса,"вул. Палія Семена, 72","Одеса, вул. Палія Семена, 72",з 08:00 до 22:00,6000,True,Odesa,Одеса,UA5110027001,Odeska,Одеська,UA5110027,Odeskyi,Одеський,UA5110,Odeska,Одеська,UA51
Одеса,"вул. Палія Семена, 93а","Одеса, вул. Палія Семена, 93а",з 07:30 до 22:00,6000,True,Odesa,Одеса,UA5110027001,Odeska,Одеська,UA5110027,Odeskyi,Одеський,UA5110,Odeska,Одеська,UA51
Одеса,"вул. Петрова Генерала, 51","Одеса, вул. Петрова Генерала, 51",з 08:00 до 22:00,6000,True,Odesa,Одеса,UA5110027001,Odeska,Одеська,UA5110027,Odeskyi,Одеський,UA5110,Odeska,Одеська,UA51
Одеса,"пров. Семафорний, 4","Одеса, пров. Семафорний, 4",з 08:00 до 22:00,6000,True,Odesa,Одеса,UA5110027001,Odeska,Одеська,UA5110027,Odeskyi,Одеський,UA5110,Odeska,Одеська,UA51
Одеса,"вул. Філатова Академіка, 1","Одеса, вул. Філатова Академіка, 1",з 07:00 до 22:00,6000,True,Odesa,Одеса,UA5110027001,Odeska,Одеська,UA5110027,Odeskyi,Одеський,UA5110,Odeska,Одеська,UA51
Одеса,"вул. Фонтанська дорога, 39","Одеса, вул. Фонтанська дорога, 39",з 08:00 до 22:00,6000,True,Odesa,Одеса,UA5110027001,Odeska,Одеська,UA5110027,Odeskyi,Одеський,UA5110,Odeska,Одеська,UA51
Одеса,"вул. Фонтанська дорога, 58","Одеса, вул. Фонтанська дорога, 58",з 08:00 до 21:30,6000,True,Odesa,Одеса,UA5110027001,Odeska,Одеська,UA5110027,Odeskyi,Одеський,UA5110,Odeska,Одеська,UA51
Одеса,"бул. Французький, 16","Одеса, бул. Французький, 16",з 08:00 до 22:00,6000,True,Odesa,Одеса,UA5110027001,Odeska,Одеська,UA5110027,Odeskyi,Одеський,UA5110,Odeska,Одеська,UA51
Одеса,"вул. Черняховського, 1","Одеса, вул. Черняховського, 1",з 08:00 до 22:00,6000,True,Odesa,Одеса,UA5110027001,Odeska,Одеська,UA5110027,Odeskyi,Одеський,UA5110,Odeska,Одеська,UA51
Павлоград,"вул. Горького, 166","Павлоград, вул. Горького, 166",з 08:00 до 21:00,6000,True,Pavlohrad,Павлоград,UA1212007001,Pavlohradska,Павлоградська,UA1212007,Pavlohradskyi,Павлоградський,UA1212,Dnipropetrovska,Дніпропетровська,UA12
Погреби,"вул. Погребський шлях, 19","Погреби, вул. Погребський шлях, 19",з 08:00 до 22:00,6000,True,Pohreby,Погреби,UA3206009004,Zazymska,Зазимська,UA3206009,Brovarskyi,Броварський,UA3206,Kyivska,Київська,UA32
Рівне,"вул. Бачинського Сергія, 5","Рівне, вул. Бачинського Сергія, 5",з 08:00 до 22:00,6000,True,Rivne,Рівне,UA0112061001,Rivnivska,Рівнівська,UA0112061,Kurmanskyi,Курманський,UA0112,Avtonomna Respublika Krym,Автономна Республіка Крим,UA01
Самбір,"вул. Валова, 24/1","Самбір, вул. Валова, 24/1",з 08:00 до 22:00,6000,True,Sambir,Самбір,UA4608013001,Sambirska,Самбірська,UA4608013,Sambirskyi,Самбірський,UA4608,Lvivska,Львівська,UA46
Славутич,"пл. Привокзальна, 5","Славутич, пл. Привокзальна, 5",з 08:00 до 22:00,6000,True,Slavutych,Славутич,UA3210013001,Slavutytska,Славутицька,UA3210013,Vyshhorodskyi,Вишгородський,UA3210,Kyivska,Київська,UA32
Софіївська Борщагівка,"просп. Героїв Небесної Сотні, 24/83","Софіївська Борщагівка, просп. Героїв Небесної Сотні, 24/83",з 08:00 до 22:00,6000,True,Sofiivska Borshchahivka,Софіївська Борщагівка,UA3208005002,Borshchahivska,Борщагівська,UA3208005,Buchanskyi,Бучанський,UA3208,Kyivska,Київська,UA32
Софіївська Борщагівка,"вул. Київська, 1/102","Софіївська Борщагівка, вул. Київська, 1/102",з 08:00 до 22:00,6000,True,Sofiivska Borshchahivka,Софіївська Борщагівка,UA3208005002,Borshchahivska,Борщагівська,UA3208005,Buchanskyi,Бучанський,UA3208,Kyivska,Київська,UA32
Старі Петрівці,"вул. Святослава Князя, 167а","Старі Петрівці, вул. Святослава Князя, 167а",з 08:00 до 22:00,6000,True,Stari Petrivtsi,Старі Петрівці,UA3210007004,Petrivska,Петрівська,UA3210007,Vyshhorodskyi,Вишгородський,UA3210,Kyivska,Київська,UA32
Стоянка,"вул. Київська, 10","Стоянка, вул. Київська, 10",з 05:00 до 23:00,6000,True,Stoianka,Стоянка,UA3208001009,Bilohorodska,Білогородська,UA3208001,Buchanskyi,Бучанський,UA3208,Kyivska,Київська,UA32
Стрий,"вул. Хмельницького Богдана, 16","Стрий, вул. Хмельницького Богдана, 16",з 08:00 до 22:00,6000,True,Stryi,Стрий,UA4610023001,Stryiska,Стрийська,UA4610023,Stryiskyi,Стрийський,UA4610,Lvivska,Львівська,UA46
Суми,"просп. Лушпи Михайла, 4/1","Суми, просп. Лушпи Михайла, 4/1",з 08:00 до 20:00,6000,True,Sumy,Суми,UA5908027001,Sumska,Сумська,UA5908027,Sumskyi,Сумський,UA5908,Sumska,Сумська,UA59
Суми,"вул. Харківська, 2/2","Суми, вул. Харківська, 2/2",з 08:00 до 20:00,6000,True,Sumy,Суми,UA5908027001,Sumska,Сумська,UA5908027,Sumskyi,Сумський,UA5908,Sumska,Сумська,UA59
Теплодар,"вул. Піонерська, 1","Теплодар, вул. Піонерська, 1",з 08:00 до 22:00,6000,True,Teplodar,Теплодар,UA5110031001,Teplodarska,Теплодарська,UA5110031,Odeskyi,Одеський,UA5110,Odeska,Одеська,UA51
Тернопіль,"вул. 15 Квітня, 5а","Тернопіль, вул. 15 Квітня, 5а",з 08:00 до 22:00,6000,True,Ternopil,Тернопіль,UA6104049001,Ternopilska,Тернопільська,UA6104049,Ternopilskyi,Тернопільський,UA6104,Ternopilska,Тернопільська,UA61
Тернопіль,"вул. Живова, 15а","Тернопіль, вул. Живова, 15а",з 08:00 до 22:00,6000,True,Ternopil,Тернопіль,UA6104049001,Ternopilska,Тернопільська,UA6104049,Ternopilskyi,Тернопільський,UA6104,Ternopilska,Тернопільська,UA61
Тернопіль,"вул. Кривоноса Максима, 2б","Тернопіль, вул. Кривоноса Максима, 2б",зачинено,0,False,Ternopil,Тернопіль,UA6104049001,Ternopilska,Тернопільська,UA6104049,Ternopilskyi,Тернопільський,UA6104,Ternopilska,Тернопільська,UA61
Тернопіль,"бул. Петлюри, 2б","Тернопіль, бул. Петлюри, 2б",з 08:00 до 22:00,6000,True,Ternopil,Тернопіль,UA6104049001,Ternopilska,Тернопільська,UA6104049,Ternopilskyi,Тернопільський,UA6104,Ternopilska,Тернопільська,UA61
Тернопіль,"вул. Текстильна, 28ч","Тернопіль, вул. Текстильна, 28ч",з 08:00 до 22:00,6000,True,Ternopil,Тернопіль,UA6104049001,Ternopilska,Тернопільська,UA6104049,Ternopilskyi,Тернопільський,UA6104,Ternopilska,Тернопільська,UA61
Трускавець,"вул. Суховоля, 54А","Трускавець, вул. Суховоля, 54А",з 08:00 до 21:00,6000,True,Truskavets,Трускавець,UA4602009001,Truskavetska,Трускавецька,UA4602009,Drohobytskyi,Дрогобицький,UA4602,Lvivska,Львівська,UA46
Ужгород,"вул. Капушанська, 150","Ужгород, вул. Капушанська, 150",з 08:00 до 22:00,6000,True,Uzhhorod,Ужгород,UA2110023001,Uzhhorodska,Ужгородська,UA2110023,Uzhhorodskyi,Ужгородський,UA2110,Zakarpatska,Закарпатська,UA21
Ужгород,"вул. Минайська, 16","Ужгород, вул. Минайська, 16",з 08:00 до 23:00,6000,True,Uzhhorod,Ужгород,UA2110023001,Uzhhorodska,Ужгородська,UA2110023,Uzhhorodskyi,Ужгородський,UA2110,Zakarpatska,Закарпатська,UA21
Ужгород,"пл. Поштова, 4","Ужгород, пл. Поштова, 4",з 08:00 до 23:00,6000,True,Uzhhorod,Ужгород,UA2110023001,Uzhhorodska,Ужгородська,UA2110023,Uzhhorodskyi,Ужгородський,UA2110,Zakarpatska,Закарпатська,UA21
Ужгород,"вул. Свободи Генерала, 9б","Ужгород, вул. Свободи Генерала, 9б",з 08:00 до 22:00,6000,True,Uzhhorod,Ужгород,UA2110023001,Uzhhorodska,Ужгородська,UA2110023,Uzhhorodskyi,Ужгородський,UA2110,Zakarpatska,Закарпатська,UA21
Ужгород,"вул. Швабська, 3","Ужгород, вул. Швабська, 3",з 08:00 до 22:00,6000,True,Uzhhorod,Ужгород,UA2110023001,Uzhhorodska,Ужгородська,UA2110023,Uzhhorodskyi,Ужгородський,UA2110,Zakarpatska,Закарпатська,UA21
Умань,"вул. Велика Фонтанна, 31А","Умань, вул. Велика Фонтанна, 31А",зачинено,0,False,Uman,Умань,UA7106021001,Umanska,Уманська,UA7106021,Umanskyi,Уманський,UA7106,Cherkaska,Черкаська,UA71
Фастів,"вул. Соборна, 42","Фастів, вул. Соборна, 42",з 08:00 до 22:00,6000,True,Fastiv,Фастів,UA3214015001,Fastivska,Фастівська,UA3214015,Fastivskyi,Фастівський,UA3214,Kyivska,Київська,UA32
Фастів,"вул. Ступака Івана, 4","Фастів, вул. Ступака Івана, 4",з 08:00 до 22:00,6000,True,Fastiv,Фастів,UA3214015001,Fastivska,Фастівська,UA3214015,Fastivskyi,Фастівський,UA3214,Kyivska,Київська,UA32
Харків,"просп. Гагаріна Юрія, 167/1","Харків, просп. Гагаріна Юрія, 167/1",з 08:00 до 21:00,6000,True,Kharkiv,Харків,UA6312027001,Kharkivska,Харківська,UA6312027,Kharkivskyi,Харківський,UA6312,Kharkivska,Харківська,UA63
Харків,"вул. Гвардійців-Широнінців, 42","Харків, вул. Гвардійців-Широнінців, 42",з 08:00 до 21:00,6000,True,Kharkiv,Харків,UA6312027001,Kharkivska,Харківська,UA6312027,Kharkivskyi,Харківський,UA6312,Kharkivska,Харківська,UA63
Харків,"вул. Космічна, 23а","Харків, вул. Космічна, 23а",з 08:00 до 21:00,6000,True,Kharkiv,Харків,UA6312027001,Kharkivska,Харківська,UA6312027,Kharkivskyi,Харківський,UA6312,Kharkivska,Харківська,UA63
Харків,"просп. Московський, 256","Харків, просп. Московський, 256",з 08:00 до 21:00,6000,True,Kharkiv,Харків,UA6312027001,Kharkivska,Харківська,UA6312027,Kharkivskyi,Харківський,UA6312,Kharkivska,Харківська,UA63
Харків,"вул. Павлова Академіка, 44б","Харків, вул. Павлова Академіка, 44б",з 08:00 до 21:00,6000,True,Kharkiv,Харків,UA6312027001,Kharkivska,Харківська,UA6312027,Kharkivskyi,Харківський,UA6312,Kharkivska,Харківська,UA63
Харків,"вул. Пушкінська, 2А","Харків, вул. Пушкінська, 2А",з 09:00 до 20:00,6000,True,Kharkiv,Харків,UA6312027001,Kharkivska,Харківська,UA6312027,Kharkivskyi,Харківський,UA6312,Kharkivska,Харківська,UA63
Харків,"просп. Свободи Людвіга, 30","Харків, просп. Свободи Людвіга, 30",з 08:00 до 21:00,6000,True,Kharkiv,Харків,UA6312027001,Kharkivska,Харківська,UA6312027,Kharkivskyi,Харківський,UA6312,Kharkivska,Харківська,UA63
Харків,"просп. Тракторобудівників, 108","Харків, просп. Тракторобудівників, 108",зачинено,0,False,Kharkiv,Харків,UA6312027001,Kharkivska,Харківська,UA6312027,Kharkivskyi,Харківський,UA6312,Kharkivska,Харківська,UA63
Харків,"просп. Тракторобудівників, 59/56","Харків, просп. Тракторобудівників, 59/56",з 08:00 до 20:00,6000,True,Kharkiv,Харків,UA6312027001,Kharkivska,Харківська,UA6312027,Kharkivskyi,Харківський,UA6312,Kharkivska,Харківська,UA63
Харків,"вул. Яроша Отакара, 18д","Харків, вул. Яроша Отакара, 18д",зачинено,0,False,Kharkiv,Харків,UA6312027001,Kharkivska,Харківська,UA6312027,Kharkivskyi,Харківський,UA6312,Kharkivska,Харківська,UA63
Херсон,"вул. Будівельників, 27а","Херсон, вул. Будівельників, 27а",з 09:00 до 17:00,6000,True,Kherson,Херсон,UA6510015001,Khersonska,Херсонська,UA6510015,Khersonskyi,Херсонський,UA6510,Khersonska,Херсонська,UA65
Херсон,"просп. Ушакова, 49","Херсон, просп. Ушакова, 49",з 09:00 до 17:00,6000,True,Kherson,Херсон,UA6510015001,Khersonska,Херсонська,UA6510015,Khersonskyi,Херсонський,UA6510,Khersonska,Херсонська,UA65
Хмільник,"просп. Свободи, 1","Хмільник, просп. Свободи, 1",з 07:30 до 22:00,6000,True,Khmilnyk,Хмільник,UA0512017001,Khmilnytska,Хмільницька,UA0512017,Khmilnytskyi,Хмільницький,UA0512,Vinnytska,Вінницька,UA05
Червоноград,"вул. Героїв Майдану, 10","Червоноград, вул. Героїв Майдану, 10",з 08:00 до 22:00,6000,True,Chervonohrad,Червоноград,UA4612013001,Chervonohradska,Червоноградська,UA4612013,Chervonohradskyi,Червоноградський,UA4612,Lvivska,Львівська,UA46
Чернігів,"вул. 77-ї Гвардійської Дивізії, 1","Чернігів, вул. 77-ї Гвардійської Дивізії, 1",з 08:00 до 20:00,6000,True,Chernihiv,Чернігів,UA7410039001,Chernihivska,Чернігівська,UA7410039,Chernihivskyi,Чернігівський,UA7410,Chernihivska,Чернігівська,UA74
Чернігів,"вул. Захисників України, 9","Чернігів, вул. Захисників України, 9",з 08:00 до 20:00,6000,True,Chernihiv,Чернігів,UA7410039001,Chernihivska,Чернігівська,UA7410039,Chernihivskyi,Чернігівський,UA7410,Chernihivska,Чернігівська,UA74
Чернігів,"просп. Миру, 49","Чернігів, просп. Миру, 49",з 08:00 до 20:00,6000,True,Chernihiv,Чернігів,UA7410039001,Chernihivska,Чернігівська,UA7410039,Chernihivskyi,Чернігівський,UA7410,Chernihivska,Чернігівська,UA74
Чернігів,"вул. Музична, 1","Чернігів, вул. Музична, 1",з 08:00 до 20:00,6000,True,Chernihiv,Чернігів,UA7410039001,Chernihivska,Чернігівська,UA7410039,Chernihivskyi,Чернігівський,UA7410,Chernihivska,Чернігівська,UA74
Южноукраїнськ,"просп. Незалежності, 35","Южноукраїнськ, просп. Незалежності, 35",з 08:00 до 23:00,6000,True,Yuzhnoukrainsk,Южноукраїнськ,UA4804025001,Yuzhnoukrainska,Южноукраїнська,UA4804025,Voznesenskyi,Вознесенський,UA4804,Mykolaivska,Миколаївська,UA48
